array([ 2.75742021e-03,  2.75582446e-03,  2.65183944e-03,  2.45681843e-03,
        2.69036496e-03,  2.45851177e-03,  2.17307192e-03,  2.43402973e-03,
        2.43901066e-03,  1.80951907e-03,  4.96665013e-04,  8.93990570e-04,
        1.87603363e-03,  2.58980994e-03,  2.74888508e-03,  2.75734133e-03,
        2.75742078e-03,  2.75742087e-03,  2.75742087e-03,  2.75742087e-03,
        2.75739618e-03,  2.73948947e-03,  2.36152819e-03,  2.31966913e-03,
        2.57271118e-03,  1.69400704e-03,  1.72843874e-03,  1.88424072e-03,
        1.95282956e-03,  1.90837060e-03,  1.62679487e-03,  1.27265077e-03,
        7.27499608e-04,  9.80644391e-04,  2.21768154e-03,  2.72772861e-03,
        2.75722508e-03,  2.75742073e-03,  2.75742087e-03,  2.75742087e-03,
        2.75701356e-03,  2.67068383e-03,  2.19520126e-03,  2.51475454e-03,
        1.89228490e-03,  1.45245722e-03,  1.92290675e-03,  2.61156353e-03,
        3.35575660e-03,  3.59647346e-03,  3.56674056e-03,  2.99078148e-03,
        2.17094270e-03,  1.50098486e-03,  7.98062263e-04,  2.06076825e-03,
        2.72368729e-03,  2.75730788e-03,  2.75742085e-03,  2.75742087e-03,
        2.75392474e-03,  2.52603057e-03,  2.23890856e-03,  2.36758264e-03,
        1.17402784e-03,  2.03211552e-03,  3.48017207e-03,  4.17470329e-03,
        3.70165274e-03,  3.06774367e-03,  3.23145222e-03,  3.71455869e-03,
        3.94891279e-03,  3.03369168e-03,  1.72962469e-03,  8.96355950e-04,
        2.20378189e-03,  2.74770315e-03,  2.75741139e-03,  2.75742087e-03,
        2.74551887e-03,  2.37597890e-03,  2.34417106e-03,  1.85637459e-03,
        1.29746049e-03,  3.22381099e-03,  4.35669932e-03,  2.36932679e-03,
       -1.24320940e-04,  9.19735184e-05,  4.97374602e-04,  9.66480379e-04,
        2.31387036e-03,  3.83439769e-03,  3.25208019e-03,  1.50683377e-03,
        1.14740857e-03,  2.57902507e-03,  2.75631985e-03,  2.75742063e-03,
        2.73758456e-03,  2.30030606e-03,  2.38232451e-03,  1.46789584e-03,
        1.83594015e-03,  3.85984450e-03,  3.70291044e-03,  1.05294421e-04,
       -1.93716017e-03,  2.12403414e-03,  2.15230669e-03,  1.23881425e-03,
        5.08572852e-04,  1.74217990e-03,  3.74728351e-03,  2.86182644e-03,
        1.09527566e-03,  1.91058087e-03,  2.73734361e-03,  2.75740536e-03,
        2.73900890e-03,  2.29299951e-03,  2.38863296e-03,  1.47111849e-03,
        1.86609168e-03,  3.88275560e-03,  3.62678815e-03, -9.22174413e-05,
       -1.97857722e-04,  8.72177889e-03,  7.43984911e-03,  4.65073561e-03,
        1.88001299e-03,  2.39368625e-04,  2.50138049e-03,  3.79124506e-03,
        1.74443636e-03,  1.29571116e-03,  2.65856022e-03,  2.75723708e-03,
        2.74704086e-03,  2.37687242e-03,  2.30668482e-03,  1.61225379e-03,
        1.64799543e-03,  3.47583624e-03,  4.17064533e-03,  1.31945456e-03,
        1.91101727e-04,  5.29387160e-03,  6.41381878e-03,  5.83737499e-03,
        4.24653203e-03,  5.95949121e-04,  1.55178475e-03,  3.54486755e-03,
        2.44434572e-03,  1.06554118e-03,  2.54714610e-03,  2.75662885e-03,
        2.75259149e-03,  2.51197491e-03,  2.20097692e-03,  1.75872154e-03,
        1.36736090e-03,  3.03373544e-03,  4.09236325e-03,  3.44709524e-03,
        5.05878293e-04,  1.93609211e-05,  2.03604124e-03,  3.92333832e-03,
        5.40272960e-03,  1.46353614e-03,  9.68631711e-04,  3.02624847e-03,
        2.92337479e-03,  1.05629038e-03,  2.48085176e-03,  2.75581443e-03,
        2.75631892e-03,  2.65110348e-03,  2.23170716e-03,  1.99682870e-03,
        1.08273480e-03,  2.49466388e-03,  3.20879527e-03,  4.22206451e-03,
        3.96490580e-03,  3.09695026e-03,  3.65943459e-03,  4.72619991e-03,
        4.68319719e-03,  1.38753401e-03,  9.58828967e-04,  2.89198827e-03,
        2.94300914e-03,  1.07842267e-03,  2.52091470e-03,  2.75615060e-03,
        2.75736221e-03,  2.73447190e-03,  2.41793130e-03,  2.17363657e-03,
        1.50428084e-03,  1.40308206e-03,  2.65286431e-03,  3.10019121e-03,
        3.56192754e-03,  4.02726304e-03,  4.43859940e-03,  3.90536466e-03,
        2.98835860e-03,  5.74027175e-04,  1.33212428e-03,  3.25364978e-03,
        2.41331483e-03,  1.27217824e-03,  2.62844579e-03,  2.75701369e-03,
        2.75741965e-03,  2.75583315e-03,  2.66314513e-03,  2.28582732e-03,
        2.11406270e-03,  1.38708411e-03,  1.29558604e-03,  2.27662141e-03,
        2.82555849e-03,  2.95769191e-03,  3.07417541e-03,  2.83018277e-03,
        1.30634494e-03,  3.28615974e-04,  1.92776976e-03,  3.81370858e-03,
        1.48817857e-03,  1.75379019e-03,  2.71814892e-03,  2.75736926e-03,
        2.75742086e-03,  2.75740332e-03,  2.75122602e-03,  2.58040408e-03,
        2.20083210e-03,  2.09979595e-03,  1.48890536e-03,  9.71490918e-04,
        1.31088218e-03,  1.85641649e-03,  1.80875187e-03,  6.67144705e-04,
        3.02458872e-04,  1.27443454e-03,  3.15218446e-03,  3.11457331e-03,
        1.05001820e-03,  2.33247611e-03,  2.75267046e-03,  2.75741944e-03,
        2.75742087e-03,  2.75742084e-03,  2.75734298e-03,  2.74204662e-03,
        2.51799896e-03,  2.13300016e-03,  2.15385849e-03,  1.92252150e-03,
        1.45949361e-03,  1.08879874e-03,  8.83333689e-04,  6.32887631e-04,
        1.25215931e-03,  2.64571888e-03,  4.09005998e-03,  1.41391676e-03,
        1.51771435e-03,  2.68021909e-03,  2.75725166e-03,  2.75742087e-03,
        2.75742087e-03,  2.75742086e-03,  2.75742070e-03,  2.75725284e-03,
        2.73739705e-03,  2.51823788e-03,  2.21316846e-03,  2.10660000e-03,
        2.16159844e-03,  2.20158663e-03,  2.12094049e-03,  1.67574567e-03,
        2.29850402e-03,  4.60246343e-03,  2.45955521e-03,  8.39148682e-04,
        2.26031625e-03,  2.75190491e-03,  2.75742481e-03,  2.75742087e-03,
        2.75742087e-03,  2.75742087e-03,  2.75742087e-03,  2.75742060e-03,
        2.75719330e-03,  2.74310088e-03,  2.59213577e-03,  2.28510035e-03,
        2.07223028e-03,  2.10212893e-03,  1.87933039e-03,  2.35508197e-03,
        4.76369542e-03,  3.98558382e-03,  8.80469435e-04,  1.31496900e-03,
        2.65252981e-03,  2.75742308e-03,  2.75742121e-03,  2.75742087e-03,
        2.75742087e-03,  2.75742087e-03,  2.75742087e-03,  2.75742086e-03,
        2.75742064e-03,  2.75729994e-03,  2.74835951e-03,  2.64784759e-03,
        2.40785131e-03,  2.10120674e-03,  2.07383841e-03,  5.21397965e-03,
        5.59138918e-03,  2.16447717e-03,  5.58067699e-04,  1.91919218e-03,
        2.74559044e-03,  2.75750713e-03,  2.75742089e-03,  2.75742087e-03,
        2.75742087e-03,  2.75742087e-03,  2.75742087e-03,  2.75742087e-03,
        2.75742086e-03,  2.75742074e-03,  2.75735552e-03,  2.75133400e-03,
        2.69486030e-03,  2.45472736e-03,  3.64142765e-03,  6.33742898e-03,
        5.23724982e-03,  1.52071695e-03,  6.72370128e-04,  2.13732934e-03,
        2.75716310e-03,  2.75745876e-03,  2.75742087e-03,  2.75742087e-03,
        2.75742087e-03,  2.75742087e-03,  2.75742087e-03,  2.75742087e-03,
        2.75742087e-03,  2.75742087e-03,  2.75742082e-03,  2.75739323e-03,
        2.75650779e-03,  2.75388201e-03,  3.20357852e-03,  4.36879023e-03,
        3.98656098e-03,  2.19881496e-03,  1.78069307e-03,  2.47469238e-03,
        2.75524910e-03,  2.75742718e-03,  2.75742087e-03,  2.75742087e-03,
        2.75742087e-03,  2.75742087e-03,  2.75742087e-03,  2.75742087e-03,
        2.75742087e-03,  2.75742087e-03,  2.75742087e-03,  2.75742086e-03,
        2.75742061e-03,  2.75749037e-03,  2.76661210e-03,  2.80494319e-03,
        2.79504096e-03,  2.74028946e-03,  2.72912729e-03,  2.74978240e-03,
        2.75731729e-03,  2.75742090e-03,  2.75742087e-03,  2.75742087e-03])