array([0.01228215, 0.00986261, 0.01137389, 0.01190181, 0.00940308,
       0.00432947, 0.00748896, 0.0118585 , 0.01238497, 0.01239183,
       0.01168374, 0.00697679, 0.01052659, 0.00612074, 0.00236292,
       0.03722474, 0.03642657, 0.00627749, 0.01181987, 0.01239001,
       0.01023871, 0.00796581, 0.00582258, 0.0064479 , 0.00506464,
       0.00613617, 0.00558607, 0.00260172, 0.00839398, 0.01231966,
       0.00988005, 0.00817086, 0.00406509, 0.00374434, 0.02683962,
       0.02065436, 0.01188023, 0.00459381, 0.00474009, 0.01181786,
       0.01101342, 0.00746098, 0.00648207, 0.00394403, 0.01656632,
       0.01279841, 0.01475995, 0.00511786, 0.00347332, 0.01141511,
       0.01206122, 0.00769561, 0.00920174, 0.0041776 , 0.00152207,
       0.00143288, 0.00207897, 0.00324833, 0.00484538, 0.01207004,
       0.01237184, 0.01102357, 0.00714366, 0.00876653, 0.00866348,
       0.0077967 , 0.00444441, 0.01285002, 0.00979369, 0.01236634,
       0.01239178, 0.01234745, 0.01105293, 0.00678243, 0.00500936,
       0.00161651, 0.01582971, 0.00617361, 0.01221344, 0.0123916 ,
       0.01239174, 0.01239171, 0.01237276, 0.01193582, 0.01039877,
       0.00492935, 0.01327869, 0.01179696, 0.01238959, 0.01239184,
       0.01239183, 0.01239186, 0.01239175, 0.01239089, 0.01237862,
       0.01152365, 0.01066047, 0.01236532, 0.01239188, 0.01239183])