array([ 2.93322278e-03,  2.92926148e-03,  2.69912194e-03,  2.37127458e-03,
        2.80284713e-03,  2.49487439e-03,  2.05577181e-03,  2.41831906e-03,
        2.39868688e-03,  1.31387826e-03,  1.96915329e-03,  4.11058656e-04,
        1.41375643e-03,  2.64418289e-03,  2.91849410e-03,  2.93308917e-03,
        2.93322444e-03,  2.93322458e-03,  2.93322458e-03,  2.93322458e-03,
        2.93316243e-03,  2.89115522e-03,  2.10471495e-03,  2.10283331e-03,
        2.62990879e-03,  1.34241908e-03,  1.30576703e-03,  1.50620694e-03,
        1.65692319e-03,  1.59513474e-03,  1.10633654e-03,  4.69282078e-04,
        2.40085430e-03,  5.56590884e-04,  2.00030801e-03,  2.88351973e-03,
        2.93290693e-03,  2.93322435e-03,  2.93322458e-03,  2.93322458e-03,
        2.93225597e-03,  2.74451869e-03,  1.81116320e-03,  2.47553212e-03,
        1.62219698e-03,  8.83033947e-04,  1.60719677e-03,  2.57559332e-03,
        3.52043181e-03,  3.83400080e-03,  3.77027933e-03,  3.04889018e-03,
        1.95999943e-03,  8.28932692e-04,  2.45619097e-03,  1.76051725e-03,
        2.87747672e-03,  2.93303663e-03,  2.93322454e-03,  2.93322458e-03,
        2.92458734e-03,  2.44113872e-03,  1.92812085e-03,  2.31496219e-03,
        4.70058082e-04,  1.76325734e-03,  3.66803113e-03,  4.38678213e-03,
        3.78465026e-03,  3.02306775e-03,  3.23453432e-03,  3.82915885e-03,
        4.14693827e-03,  3.10047296e-03,  1.20300261e-03,  4.31090734e-04,
        1.99766737e-03,  2.91686681e-03,  2.93320881e-03,  2.93322458e-03,
        2.90456794e-03,  2.13587444e-03,  2.16739265e-03,  1.54618107e-03,
        6.26275876e-04,  3.37808131e-03,  4.58018138e-03,  2.12008201e-03,
        1.41974787e-03,  1.66762646e-03,  2.33962864e-03,  1.45091527e-04,
        2.02097389e-03,  3.98730527e-03,  3.33906796e-03,  8.25742944e-04,
        1.77090343e-04,  2.63077761e-03,  2.93138444e-03,  2.93322416e-03,
        2.88605007e-03,  1.99090247e-03,  2.26504736e-03,  9.37598041e-04,
        1.41330307e-03,  4.18421736e-03,  3.76927178e-03,  1.78735560e-03,
       -3.49428437e-04,  1.40536869e-03,  1.58796375e-03,  4.27679755e-04,
        2.32888245e-03,  1.26369989e-03,  3.87532936e-03,  2.80422761e-03,
        8.97888824e-05,  1.50183067e-03,  2.89899368e-03,  2.93319785e-03,
        2.88955484e-03,  1.98271329e-03,  2.27351180e-03,  9.37775280e-04,
        1.46147467e-03,  4.20762980e-03,  3.68768839e-03,  1.30277481e-03,
        5.86655701e-04,  7.79231553e-03,  6.80222723e-03,  4.54611109e-03,
        1.35672662e-03,  1.93746806e-03,  2.32562313e-03,  3.92165905e-03,
        1.13870798e-03,  4.65682588e-04,  2.76698418e-03,  2.93291272e-03,
        2.90849605e-03,  2.13266578e-03,  2.12372026e-03,  1.15225896e-03,
        1.15317523e-03,  3.73696491e-03,  4.32820882e-03,  6.64538236e-04,
       -4.57923304e-04,  2.68028673e-03,  5.33272291e-03,  5.71210350e-03,
        4.31356517e-03,  2.42170980e-03,  9.93702506e-04,  3.55044075e-03,
        2.15281378e-03,  7.41983182e-05,  2.58790506e-03,  2.93192986e-03,
        2.92259292e-03,  2.39914427e-03,  1.90771572e-03,  1.37937243e-03,
        7.53482796e-04,  3.18255805e-03,  4.35821570e-03,  3.44190663e-03,
        2.32920399e-03,  1.40242222e-04,  1.48394670e-03,  4.17487487e-03,
        5.57022844e-03,  7.57153739e-04,  1.13709034e-04,  2.83615332e-03,
        2.80765274e-03,  4.97835441e-05,  2.47489770e-03,  2.93058702e-03,
        2.93119669e-03,  2.71385720e-03,  1.87293928e-03,  1.71011875e-03,
        3.18941277e-04,  2.47107584e-03,  3.38958356e-03,  4.48817922e-03,
        4.04324836e-03,  3.05656296e-03,  3.85758377e-03,  5.00018671e-03,
        4.85321902e-03,  6.72875566e-04,  9.31289717e-05,  2.63797606e-03,
        2.79121810e-03,  1.00130166e-04,  2.54267520e-03,  2.93115358e-03,
        2.93312033e-03,  2.88758541e-03,  2.19224264e-03,  1.90218659e-03,
        9.62569326e-04,  8.35038895e-04,  2.67946233e-03,  3.23992090e-03,
        3.77742135e-03,  4.33200014e-03,  4.81821178e-03,  4.12129328e-03,
        2.95157665e-03,  2.42800836e-03,  6.59854819e-04,  3.08627634e-03,
        1.98395226e-03,  4.52984435e-04,  2.72016925e-03,  2.93255085e-03,
        2.93322220e-03,  2.92978563e-03,  2.71308958e-03,  1.96587681e-03,
        1.86426106e-03,  7.82938801e-04,  6.63462480e-04,  2.13080397e-03,
        2.89758282e-03,  3.07491765e-03,  3.20251062e-03,  2.82516532e-03,
        6.24583418e-04,  2.03978546e-03,  1.43913044e-03,  3.88027918e-03,
        6.32132784e-04,  1.26678460e-03,  2.86992186e-03,  2.93314153e-03,
        2.93322457e-03,  2.93318147e-03,  2.91726804e-03,  2.52373724e-03,
        1.83647401e-03,  1.85856651e-03,  9.38623836e-04,  1.26029913e-04,
        7.10786727e-04,  1.53521883e-03,  1.43855561e-03,  2.60333193e-03,
        1.68793079e-03,  5.35133998e-04,  2.92854348e-03,  2.97183414e-03,
        3.78945597e-05,  2.23552712e-03,  2.92565624e-03,  2.93322229e-03,
        2.93322458e-03,  2.93322447e-03,  2.93295164e-03,  2.89420761e-03,
        2.38855269e-03,  1.70201954e-03,  1.94732821e-03,  1.61015451e-03,
        8.86185837e-04,  3.07125047e-04,  2.89732589e-03,  2.49421408e-03,
        5.28764587e-04,  2.23849100e-03,  4.31531708e-03,  5.17801094e-04,
        8.68325604e-04,  2.80548448e-03,  2.93294942e-03,  2.93322458e-03,
        2.93322458e-03,  2.93322458e-03,  2.93322387e-03,  2.93272083e-03,
        2.88242622e-03,  2.35460470e-03,  1.78669549e-03,  1.81907053e-03,
        1.99855805e-03,  2.06580744e-03,  1.93815355e-03,  1.17755175e-03,
        1.68068407e-03,  4.95927811e-03,  2.09103063e-03,  2.62910563e-03,
        2.11169882e-03,  2.92416934e-03,  2.93323072e-03,  2.93322458e-03,
        2.93322458e-03,  2.93322458e-03,  2.93322458e-03,  2.93322376e-03,
        2.93262652e-03,  2.89592765e-03,  2.50022530e-03,  1.76533289e-03,
        1.57553947e-03,  1.76119230e-03,  1.20442799e-03,  1.52596074e-03,
        5.10136291e-03,  4.30636951e-03,  2.68730296e-03,  5.12761039e-04,
        2.76142560e-03,  2.93326378e-03,  2.93322511e-03,  2.93322458e-03,
        2.93322458e-03,  2.93322458e-03,  2.93322458e-03,  2.93322458e-03,
        2.93322404e-03,  2.93294054e-03,  2.91121668e-03,  2.64873475e-03,
        2.03908569e-03,  1.21967663e-03,  5.12240402e-04,  5.78044110e-03,
        6.74093010e-03,  1.62276379e-03,  2.20399942e-03,  1.52801996e-03,
        2.91559055e-03,  2.93337342e-03,  2.93322460e-03,  2.93322458e-03,
        2.93322458e-03,  2.93322458e-03,  2.93322458e-03,  2.93322458e-03,
        2.93322458e-03,  2.93322430e-03,  2.93308812e-03,  2.92058829e-03,
        2.80237071e-03,  2.27198039e-03,  3.74495450e-03,  7.84487487e-03,
        6.25575833e-03,  6.55123055e-04,  2.41519089e-03,  1.89546197e-03,
        2.93290462e-03,  2.93328539e-03,  2.93322458e-03,  2.93322458e-03,
        2.93322458e-03,  2.93322458e-03,  2.93322458e-03,  2.93322458e-03,
        2.93322458e-03,  2.93322458e-03,  2.93322449e-03,  2.93316962e-03,
        2.93140587e-03,  2.92177765e-03,  3.53461494e-03,  5.15249706e-03,
        4.59088910e-03,  1.86894399e-03,  1.33495535e-03,  2.46362986e-03,
        2.92972107e-03,  2.93323467e-03,  2.93322458e-03,  2.93322458e-03,
        2.93322458e-03,  2.93322458e-03,  2.93322458e-03,  2.93322458e-03,
        2.93322458e-03,  2.93322458e-03,  2.93322458e-03,  2.93322458e-03,
        2.93322406e-03,  2.93331781e-03,  2.94580147e-03,  2.99870052e-03,
        2.98388918e-03,  2.89960260e-03,  2.88791613e-03,  2.92069781e-03,
        2.93305359e-03,  2.93322462e-03,  2.93322458e-03,  2.93322458e-03])