hello

[[-1.18900898e-02  4.96903900e-02  1.04406555e-01  1.58730417e-02
  -4.23941544e-03 -8.72280802e-05 -1.12692773e-02  3.76846329e-02
  -1.44644651e-02 -9.29604415e-03  4.32957681e-06  9.65612129e-04
   2.24042062e-04 -2.53010936e-03 -6.93311306e-04  1.00279959e-09
   2.02489775e-06  1.71430447e-04  1.07611322e-06 -5.75768644e-05
   5.17360376e-17  1.35899597e-12  6.99835356e-09  1.30627524e-07
  -8.31919421e-10]
 [ 4.31977934e-03 -3.10926976e-02 -3.25875064e-02 -1.90753612e-04
   7.91306133e-04  2.26136559e-05  2.76141387e-03 -4.86423932e-02
   1.97018338e-02 -3.34931567e-03 -1.54217847e-06 -4.10223872e-05
   8.39226736e-05  9.40446507e-03 -1.80195315e-03 -4.43447068e-10
  -9.14381650e-07  2.26588982e-04  4.62295143e-04 -1.88973112e-04
  -3.02221762e-17 -4.31908670e-13  1.06335015e-08  1.13591239e-07
  -1.10257323e-08]
 [ 7.57031043e-03 -1.85976924e-02 -7.18190487e-02 -1.56822881e-02
   3.44810931e-03  6.46144243e-05  8.50786344e-03  1.09577603e-02
  -5.23736864e-03  1.26453598e-02 -2.78739834e-06 -9.24589742e-04
  -3.07964736e-04 -6.87435571e-03  2.49526445e-03 -5.59352521e-10
  -1.11051610e-06 -3.98019429e-04 -4.63371256e-04  2.46549977e-04
  -2.15138613e-17 -9.27087305e-13 -1.76318551e-08 -2.44218763e-07
   1.18576517e-08]]


[[-7.44378261e-03  1.03476025e-02  5.55985211e-02  1.79939048e-02
  -1.83442126e-02 -4.34513747e-04 -1.72593141e-02  1.23381006e-02
  -2.41314009e-03 -1.00333097e-02  2.13844881e-05  5.59763726e-04
   2.87668824e-03 -2.69822164e-03 -7.11075425e-04  1.65680790e-09
   1.57166751e-06  5.87768688e-05  1.26117189e-06 -4.07846578e-05
   1.25194551e-16  1.68596934e-12  1.67656117e-08  4.23171197e-08
  -6.24737306e-10]
 [ 2.69890893e-03 -6.48616999e-03 -1.74207249e-02 -2.65889039e-04
   3.41127553e-03  1.11432297e-04  4.20024488e-03 -1.59521272e-02
   3.27676022e-03 -3.62028185e-03 -7.62726781e-06 -2.42766160e-05
   1.07544713e-03  1.00014054e-02 -1.84757090e-03 -7.33240323e-10
  -7.10326089e-07  7.76888100e-05  7.95034961e-04 -1.33798329e-04
  -7.31920602e-17 -5.36533099e-13  2.54746966e-08  3.67819945e-08
  -8.25541905e-09]
 [ 4.74487368e-03 -3.86143255e-03 -3.81777963e-02 -1.77280157e-02
   1.49329371e-02  3.23081451e-04  1.30590693e-02  3.61402658e-03
  -8.63620131e-04  1.36535916e-02 -1.37572203e-05 -5.35487110e-04
  -3.95213537e-03 -7.30318374e-03  2.55864632e-03 -9.23567578e-10
  -8.61341419e-07 -1.36465679e-04 -7.96296133e-04  1.74582987e-04
  -5.20024904e-17 -1.14943624e-12 -4.22403083e-08 -7.90991142e-08
   8.88015635e-09]][[-9.92087548e-03  2.28633497e-02  1.55308595e-02  1.72920464e-02
  -1.29134687e-02 -5.71800192e-04 -8.09621854e-03  1.22918435e-02
  -3.46049370e-03 -1.01573588e-02  1.01556829e-05  1.83615773e-03
   3.34707702e-03 -5.30968134e-03 -7.49743952e-04  5.52985339e-10
   2.43187571e-06  6.70649357e-06  8.26933087e-06 -3.37988580e-05
   7.19197484e-18  1.27523366e-12  1.23515609e-08  1.22079467e-08
  -7.29325710e-10]
 [ 3.60172215e-03 -1.43018657e-02 -4.85617612e-03 -2.69481309e-04
   2.40347666e-03  1.47205882e-04  1.97561451e-03 -1.58400106e-02
   4.72896839e-03 -3.67641370e-03 -3.61951651e-06 -8.01815159e-05
   1.24520901e-03  1.98555401e-02 -1.95361509e-03 -2.44582906e-10
  -1.09837125e-06  8.85600246e-06  1.70244365e-03 -1.11273571e-04
  -4.20112071e-18 -4.05574962e-13  1.87541036e-08  1.05691766e-08
  -9.78063016e-09]
 [ 6.31915332e-03 -8.56148397e-03 -1.06746834e-02 -1.70225651e-02
   1.05099920e-02  4.24594310e-04  6.12060403e-03  3.54816705e-03
  -1.26847469e-03  1.38337725e-02 -6.53616639e-06 -1.75597621e-03
  -4.59228603e-03 -1.45458588e-02  2.70335904e-03 -3.08402433e-10
  -1.33350446e-06 -1.55624960e-05 -1.71071298e-03  1.45072429e-04
  -2.99085413e-18 -8.69658701e-13 -3.11056645e-08 -2.27771232e-08
   1.05099559e-08]]